32,0
31,11
31,10
31,5
31,0
30,123
30,122
30,121
30,119
30,117
30,116
17,2
30,115
30,114
30,113
15,2
30,112
30,111
30,110
16,2
30,109
30,108
30,107
30,106
3,2
30,105
30,104
30,24
30,103
30,120
30,102
30,118
30,101
30,68
30,100
30,10
30,99
30,2
30,98
30,3
30,97
30,96
31,8
30,95
31,6
30,94
31,4
31,7
31,12
31,1
31,9
31,2
30,93
31,3
30,92
30,91
30,90
9,2
30,89
9,1
30,88
30,87
9,3
30,86
30,85
30,84
8,5
30,83
8,1
30,82
8,7
30,81
8,2
30,80
8,3
30,79
30,78
30,77
32,2
30,76
32,1
30,75
30,1
32,3
20,2
20,1
30,74
17,1
17,3
16,1
16,3
